<Qucs Dataset 0.0.19>
<indep time 201>
  +0.00000000000000000000e+000
  +5.00000000000000023961e-005
  +1.00000000000000004792e-004
  +1.50000000000000013965e-004
  +2.00000000000000009584e-004
  +2.50000000000000005204e-004
  +3.00000000000000027929e-004
  +3.49999999999999996444e-004
  +4.00000000000000019169e-004
  +4.49999999999999987683e-004
  +5.00000000000000010408e-004
  +5.50000000000000033133e-004
  +6.00000000000000055858e-004
  +6.49999999999999970163e-004
  +6.99999999999999992888e-004
  +7.50000000000000015613e-004
  +8.00000000000000038337e-004
  +8.50000000000000061062e-004
  +8.99999999999999975367e-004
  +9.49999999999999998092e-004
  +1.00000000000000002082e-003
  +1.04999999999999993512e-003
  +1.10000000000000006627e-003
  +1.14999999999999998057e-003
  +1.20000000000000011172e-003
  +1.25000000000000002602e-003
  +1.29999999999999994033e-003
  +1.35000000000000007147e-003
  +1.39999999999999998578e-003
  +1.45000000000000011692e-003
  +1.50000000000000003123e-003
  +1.54999999999999994553e-003
  +1.60000000000000007667e-003
  +1.64999999999999999098e-003
  +1.70000000000000012212e-003
  +1.75000000000000003643e-003
  +1.79999999999999995073e-003
  +1.85000000000000008188e-003
  +1.89999999999999999618e-003
  +1.95000000000000012733e-003
  +2.00000000000000004163e-003
  +2.05000000000000017278e-003
  +2.09999999999999987024e-003
  +2.15000000000000000139e-003
  +2.20000000000000013253e-003
  +2.25000000000000026368e-003
  +2.29999999999999996114e-003
  +2.35000000000000009229e-003
  +2.40000000000000022343e-003
  +2.44999999999999992090e-003
  +2.50000000000000005204e-003
  +2.55000000000000018319e-003
  +2.59999999999999988065e-003
  +2.65000000000000001180e-003
  +2.70000000000000014294e-003
  +2.74999999999999984041e-003
  +2.79999999999999997155e-003
  +2.85000000000000010270e-003
  +2.90000000000000023384e-003
  +2.94999999999999993130e-003
  +3.00000000000000006245e-003
  +3.05000000000000019360e-003
  +3.09999999999999989106e-003
  +3.15000000000000002220e-003
  +3.20000000000000015335e-003
  +3.25000000000000028449e-003
  +3.29999999999999998196e-003
  +3.35000000000000011310e-003
  +3.40000000000000024425e-003
  +3.44999999999999994171e-003
  +3.50000000000000007286e-003
  +3.55000000000000020400e-003
  +3.59999999999999990147e-003
  +3.65000000000000003261e-003
  +3.70000000000000016376e-003
  +3.74999999999999986122e-003
  +3.79999999999999999237e-003
  +3.85000000000000012351e-003
  +3.90000000000000025466e-003
  +3.95000000000000038580e-003
  +4.00000000000000008327e-003
  +4.04999999999999978073e-003
  +4.10000000000000034556e-003
  +4.15000000000000004302e-003
  +4.19999999999999974049e-003
  +4.25000000000000030531e-003
  +4.30000000000000000278e-003
  +4.34999999999999970024e-003
  +4.40000000000000026507e-003
  +4.44999999999999996253e-003
  +4.50000000000000052736e-003
  +4.55000000000000022482e-003
  +4.59999999999999992228e-003
  +4.65000000000000048711e-003
  +4.70000000000000018457e-003
  +4.74999999999999988204e-003
  +4.80000000000000044686e-003
  +4.85000000000000014433e-003
  +4.89999999999999984179e-003
  +4.95000000000000040662e-003
  +5.00000000000000010408e-003
  +5.04999999999999980155e-003
  +5.10000000000000036637e-003
  +5.15000000000000006384e-003
  +5.19999999999999976130e-003
  +5.25000000000000032613e-003
  +5.30000000000000002359e-003
  +5.34999999999999972106e-003
  +5.40000000000000028588e-003
  +5.44999999999999998335e-003
  +5.49999999999999968081e-003
  +5.55000000000000024564e-003
  +5.59999999999999994310e-003
  +5.65000000000000050793e-003
  +5.70000000000000020539e-003
  +5.74999999999999990286e-003
  +5.80000000000000046768e-003
  +5.85000000000000016515e-003
  +5.89999999999999986261e-003
  +5.95000000000000042744e-003
  +6.00000000000000012490e-003
  +6.04999999999999982236e-003
  +6.10000000000000038719e-003
  +6.15000000000000008465e-003
  +6.19999999999999978212e-003
  +6.25000000000000034694e-003
  +6.30000000000000004441e-003
  +6.34999999999999974187e-003
  +6.40000000000000030670e-003
  +6.45000000000000000416e-003
  +6.50000000000000056899e-003
  +6.55000000000000026645e-003
  +6.59999999999999996392e-003
  +6.65000000000000052874e-003
  +6.70000000000000022621e-003
  +6.74999999999999992367e-003
  +6.80000000000000048850e-003
  +6.85000000000000018596e-003
  +6.89999999999999988343e-003
  +6.95000000000000044825e-003
  +7.00000000000000014572e-003
  +7.04999999999999984318e-003
  +7.10000000000000040801e-003
  +7.15000000000000010547e-003
  +7.19999999999999980294e-003
  +7.25000000000000036776e-003
  +7.30000000000000006523e-003
  +7.34999999999999976269e-003
  +7.40000000000000032752e-003
  +7.45000000000000002498e-003
  +7.49999999999999972244e-003
  +7.55000000000000028727e-003
  +7.59999999999999998473e-003
  +7.65000000000000054956e-003
  +7.70000000000000024702e-003
  +7.74999999999999994449e-003
  +7.80000000000000050931e-003
  +7.84999999999999933942e-003
  +7.90000000000000077161e-003
  +7.95000000000000046907e-003
  +8.00000000000000016653e-003
  +8.04999999999999986400e-003
  +8.09999999999999956146e-003
  +8.15000000000000099365e-003
  +8.20000000000000069111e-003
  +8.25000000000000038858e-003
  +8.30000000000000008604e-003
  +8.34999999999999978351e-003
  +8.39999999999999948097e-003
  +8.45000000000000091316e-003
  +8.50000000000000061062e-003
  +8.55000000000000030809e-003
  +8.60000000000000000555e-003
  +8.64999999999999970302e-003
  +8.69999999999999940048e-003
  +8.75000000000000083267e-003
  +8.80000000000000053013e-003
  +8.85000000000000022760e-003
  +8.89999999999999992506e-003
  +8.94999999999999962252e-003
  +9.00000000000000105471e-003
  +9.05000000000000075218e-003
  +9.10000000000000044964e-003
  +9.15000000000000014710e-003
  +9.19999999999999984457e-003
  +9.24999999999999954203e-003
  +9.30000000000000097422e-003
  +9.35000000000000067168e-003
  +9.40000000000000036915e-003
  +9.45000000000000006661e-003
  +9.49999999999999976408e-003
  +9.54999999999999946154e-003
  +9.60000000000000089373e-003
  +9.65000000000000059119e-003
  +9.70000000000000028866e-003
  +9.74999999999999998612e-003
  +9.79999999999999968359e-003
  +9.84999999999999938105e-003
  +9.90000000000000081324e-003
  +9.95000000000000051070e-003
  +1.00000000000000002082e-002
</indep>
<dep V1.It time>
  -4.58015267175572227121e-001
  -4.58015267175572227121e-001
  -4.58015267175572282632e-001
  -4.58015267175572282632e-001
  -4.58015267175572282632e-001
  -4.58015267175572282632e-001
  -4.58015267175572282632e-001
  -4.58015267175572338143e-001
  -4.58015267175572338143e-001
  -4.58015267175572338143e-001
  -4.58015267175572338143e-001
  -4.58015267175572338143e-001
  -4.58015267175572338143e-001
  -4.58015267175572393654e-001
  -4.58015267175572393654e-001
  -4.58015267175572393654e-001
  -4.58015267175572393654e-001
  -4.58015267175572393654e-001
  -4.58015267175572393654e-001
  -4.58015267175572393654e-001
  -4.33984614856646466752e-001
  -2.47837352504931806485e-011
  -2.47455106288308584017e-011
  -2.47091503123633921750e-011
  -2.46745633745175749350e-011
  -2.46416633234242222832e-011
  -2.46103678856271345202e-011
  -2.45805988003411544533e-011
  -2.45522816237446788978e-011
  -2.45253455428173465411e-011
  -2.44997231982572511807e-011
  -2.44753505160349480719e-011
  -2.44521665471629244144e-011
  -2.44301133152799362250e-011
  -2.44091356716689782678e-011
  -2.43891811573463912954e-011
  -2.43701998718772110587e-011
  -2.43521443485886947319e-011
  -2.43349694358699805595e-011
  -2.43186321842610489005e-011
  -2.43030917390486123526e-011
  -2.42883092381003662107e-011
  -2.42742477146821070824e-011
  -2.42608720050146739602e-011
  -2.42481486603395793950e-011
  -2.42360458632733815059e-011
  -2.42245333482416849220e-011
  -2.42135823257937206275e-011
  -2.42031654106083226877e-011
  -2.41932565530111994335e-011
  -2.41838309738322791808e-011
  -2.41748651024402114450e-011
  -2.41663365177990856157e-011
  -2.41582238923999286079e-011
  -2.41505069389268163826e-011
  -2.41431663595242035365e-011
  -2.41361837975385956741e-011
  -2.41295417916138995891e-011
  -2.41232237320256508643e-011
  -2.41172138191449342810e-011
  -2.41114970239280889364e-011
  -2.41060590503334630745e-011
  -2.41008862995711656132e-011
  -2.40959658360964465467e-011
  -2.40912853552616584870e-011
  -2.40868331525459295153e-011
  -2.40825980942855387647e-011
  -2.40785695898318829570e-011
  -2.40747375650673342310e-011
  -2.40710924372128051213e-011
  -2.40676250908640063264e-011
  -2.40643268551964719083e-011
  -2.40611894822823540092e-011
  -2.40582051264647453635e-011
  -2.40553663247379826814e-011
  -2.40526659780848429050e-011
  -2.40500973337239515617e-011
  -2.40476539682230618117e-011
  -2.40453297714358984230e-011
  -2.40431189312224742656e-011
  -2.40410159189146157573e-011
  -2.40390154754903724019e-011
  -2.40371125984227206976e-011
  -2.40353025291697207614e-011
  -2.40335807412747768159e-011
  -2.40319429290472747368e-011
  -2.40303849967953303461e-011
  -2.40289030485836229120e-011
  -2.40274933784908198890e-011
  -2.40261524613421361403e-011
  -2.40248769438938892042e-011
  -2.40236636364480333828e-011
  -2.40225095048756280139e-011
  -2.40214116630293843627e-011
  -2.40203673655262401268e-011
  -2.40193740008819542226e-011
  -2.40184290849805513925e-011
  -2.40175302548622636589e-011
  -2.40166752628144686831e-011
  -2.40158619707507874772e-011
  -2.40150883448643892569e-011
  -2.40143524505419938971e-011
  -2.40136524475260027220e-011
  -2.40129865853125147099e-011
  -2.40123531987738608422e-011
  -2.40117507039945768999e-011
  -2.40111775943105007992e-011
  -2.40106324365410489116e-011
  -2.40101138674052428028e-011
  -2.40096205901125392680e-011
  -2.40091513711199398258e-011
  -2.40087050370472532689e-011
  -2.40082804717428146123e-011
  -2.40078766134923159815e-011
  -2.40074924523637668725e-011
  -2.40071270276819534143e-011
  -2.40067794256260506072e-011
  -2.40064487769444518699e-011
  -2.40061342547809933201e-011
  -2.40058350726072542741e-011
  -2.40055504822556574602e-011
  -2.40052797720485254130e-011
  -2.40050222650183916921e-011
  -2.40047773172150885172e-011
  -2.40045443160954232164e-011
  -2.40043226789913851353e-011
  -2.40041118516530508317e-011
  -2.40039113068625880293e-011
  -2.40037205431158201943e-011
  -2.40035390833681108668e-011
  -2.40033664738414302772e-011
  -2.40032022828895637118e-011
  -2.40030460999187118994e-011
  -2.40028975343606981463e-011
  -2.40027562146962909834e-011
  -2.40026217875261187800e-011
  -2.40024939166869403501e-011
  -2.40023722824109838811e-011
  -2.40022565805263185440e-011
  -2.40021465216961876030e-011
  -2.40020418306954774117e-011
  -2.40019422457224514440e-011
  -2.40018475177440659202e-011
  -2.40017574098732062033e-011
  -2.40016716967763026955e-011
  -2.40015901641098366647e-011
  -2.40015126079843272069e-011
  -2.40014388344544681032e-011
  -2.40013686590341285618e-011
  -2.40013019062349932314e-011
  -2.40012384091277331930e-011
  -2.40011780089245576311e-011
  -2.40011205545821283661e-011
  -2.40010659024238517379e-011
  -2.40010139157805817208e-011
  -2.40009644646488424657e-011
  -2.40009174253657463189e-011
  -2.40008726802997284400e-011
  -2.40008301175563968517e-011
  -2.40007896306987127487e-011
  -2.40007511184808257486e-011
  -2.40007144845948790761e-011
  -2.40006796374301836822e-011
  -2.40006464898441215269e-011
  -2.40006149589442222615e-011
  -2.40005849658808769370e-011
  -2.40005564356501588254e-011
  -2.40005292969062666787e-011
  -2.40005034817830895917e-011
  -2.40004789257245218857e-011
  -2.40004555673230045615e-011
  -2.40004333481659669733e-011
  -2.40004122126897615960e-011
  -2.40003921080407170694e-011
  -2.40003729839429476278e-011
  -2.40003547925726539584e-011
  -2.40003374884385115925e-011
  -2.40003210282679109527e-011
  -2.40003053708987582520e-011
  -2.40002904771765270498e-011
  -2.40002763098563504408e-011
  -2.40002628335098824564e-011
  -2.40002500144366992667e-011
  -2.40002378205800333865e-011
  -2.40002262214465953171e-011
  -2.40002151880303242959e-011
  -2.40002046927398548963e-011
  -2.40001947093295249950e-011
  -2.40001852128337247733e-011
  -2.40001761795044833543e-011
  -2.40001675867520701271e-011
  -2.40001594130885138202e-011
  -2.40001516380738616112e-011
  -2.40001442422650587187e-011
  -2.40001372071673386163e-011
  -2.40001305151879752360e-011
  -2.40001241495922711428e-011
  -2.40001180944617202906e-011
  -2.40001123346542064178e-011
  -2.40001068557661304530e-011
  -2.40001016440963796916e-011
</dep>
<dep iL.It time>
  +0.00000000000000000000e+000
  +0.00000000000000000000e+000
  +0.00000000000000000000e+000
  +0.00000000000000000000e+000
  +0.00000000000000000000e+000
  +0.00000000000000000000e+000
  +0.00000000000000000000e+000
  +0.00000000000000000000e+000
  +0.00000000000000000000e+000
  +0.00000000000000000000e+000
  +0.00000000000000000000e+000
  +0.00000000000000000000e+000
  +0.00000000000000000000e+000
  +0.00000000000000000000e+000
  +0.00000000000000000000e+000
  +0.00000000000000000000e+000
  +0.00000000000000000000e+000
  +0.00000000000000000000e+000
  +0.00000000000000000000e+000
  +0.00000000000000000000e+000
  +0.00000000000000000000e+000
  +0.00000000000000000000e+000
  +0.00000000000000000000e+000
  +0.00000000000000000000e+000
  +0.00000000000000000000e+000
  +0.00000000000000000000e+000
  +0.00000000000000000000e+000
  +0.00000000000000000000e+000
  +0.00000000000000000000e+000
  +0.00000000000000000000e+000
  +0.00000000000000000000e+000
  +0.00000000000000000000e+000
  +0.00000000000000000000e+000
  +0.00000000000000000000e+000
  +0.00000000000000000000e+000
  +0.00000000000000000000e+000
  +0.00000000000000000000e+000
  +0.00000000000000000000e+000
  +0.00000000000000000000e+000
  +0.00000000000000000000e+000
  +0.00000000000000000000e+000
  +0.00000000000000000000e+000
  +0.00000000000000000000e+000
  +0.00000000000000000000e+000
  +0.00000000000000000000e+000
  +0.00000000000000000000e+000
  +0.00000000000000000000e+000
  +0.00000000000000000000e+000
  +0.00000000000000000000e+000
  +0.00000000000000000000e+000
  +0.00000000000000000000e+000
  +0.00000000000000000000e+000
  +0.00000000000000000000e+000
  +0.00000000000000000000e+000
  +0.00000000000000000000e+000
  +0.00000000000000000000e+000
  +0.00000000000000000000e+000
  +0.00000000000000000000e+000
  +0.00000000000000000000e+000
  +0.00000000000000000000e+000
  +0.00000000000000000000e+000
  +0.00000000000000000000e+000
  +0.00000000000000000000e+000
  +0.00000000000000000000e+000
  +0.00000000000000000000e+000
  +0.00000000000000000000e+000
  +0.00000000000000000000e+000
  +0.00000000000000000000e+000
  +0.00000000000000000000e+000
  +0.00000000000000000000e+000
  +0.00000000000000000000e+000
  +0.00000000000000000000e+000
  +0.00000000000000000000e+000
  +0.00000000000000000000e+000
  +0.00000000000000000000e+000
  +0.00000000000000000000e+000
  +0.00000000000000000000e+000
  +0.00000000000000000000e+000
  +0.00000000000000000000e+000
  +0.00000000000000000000e+000
  +0.00000000000000000000e+000
  +0.00000000000000000000e+000
  +0.00000000000000000000e+000
  +0.00000000000000000000e+000
  +0.00000000000000000000e+000
  +0.00000000000000000000e+000
  +0.00000000000000000000e+000
  +0.00000000000000000000e+000
  +0.00000000000000000000e+000
  +0.00000000000000000000e+000
  +0.00000000000000000000e+000
  +0.00000000000000000000e+000
  +0.00000000000000000000e+000
  +0.00000000000000000000e+000
  +0.00000000000000000000e+000
  +0.00000000000000000000e+000
  +0.00000000000000000000e+000
  +0.00000000000000000000e+000
  +0.00000000000000000000e+000
  +0.00000000000000000000e+000
  +0.00000000000000000000e+000
  +0.00000000000000000000e+000
  +0.00000000000000000000e+000
  +0.00000000000000000000e+000
  +0.00000000000000000000e+000
  +0.00000000000000000000e+000
  +0.00000000000000000000e+000
  +0.00000000000000000000e+000
  +0.00000000000000000000e+000
  +0.00000000000000000000e+000
  +0.00000000000000000000e+000
  +0.00000000000000000000e+000
  +0.00000000000000000000e+000
  +0.00000000000000000000e+000
  +0.00000000000000000000e+000
  +0.00000000000000000000e+000
  +0.00000000000000000000e+000
  +0.00000000000000000000e+000
  +0.00000000000000000000e+000
  +0.00000000000000000000e+000
  +0.00000000000000000000e+000
  +0.00000000000000000000e+000
  +0.00000000000000000000e+000
  +0.00000000000000000000e+000
  +0.00000000000000000000e+000
  +0.00000000000000000000e+000
  +0.00000000000000000000e+000
  +0.00000000000000000000e+000
  +0.00000000000000000000e+000
  +0.00000000000000000000e+000
  +0.00000000000000000000e+000
  +0.00000000000000000000e+000
  +0.00000000000000000000e+000
  +0.00000000000000000000e+000
  +0.00000000000000000000e+000
  +0.00000000000000000000e+000
  +0.00000000000000000000e+000
  +0.00000000000000000000e+000
  +0.00000000000000000000e+000
  +0.00000000000000000000e+000
  +0.00000000000000000000e+000
  +0.00000000000000000000e+000
  +0.00000000000000000000e+000
  +0.00000000000000000000e+000
  +0.00000000000000000000e+000
  +0.00000000000000000000e+000
  +0.00000000000000000000e+000
  +0.00000000000000000000e+000
  +0.00000000000000000000e+000
  +0.00000000000000000000e+000
  +0.00000000000000000000e+000
  +0.00000000000000000000e+000
  +0.00000000000000000000e+000
  +0.00000000000000000000e+000
  +0.00000000000000000000e+000
  +0.00000000000000000000e+000
  +0.00000000000000000000e+000
  +0.00000000000000000000e+000
  +0.00000000000000000000e+000
  +0.00000000000000000000e+000
  +0.00000000000000000000e+000
  +0.00000000000000000000e+000
  +0.00000000000000000000e+000
  +0.00000000000000000000e+000
  +0.00000000000000000000e+000
  +0.00000000000000000000e+000
  +0.00000000000000000000e+000
  +0.00000000000000000000e+000
  +0.00000000000000000000e+000
  +0.00000000000000000000e+000
  +0.00000000000000000000e+000
  +0.00000000000000000000e+000
  +0.00000000000000000000e+000
  +0.00000000000000000000e+000
  +0.00000000000000000000e+000
  +0.00000000000000000000e+000
  +0.00000000000000000000e+000
  +0.00000000000000000000e+000
  +0.00000000000000000000e+000
  +0.00000000000000000000e+000
  +0.00000000000000000000e+000
  +0.00000000000000000000e+000
  +0.00000000000000000000e+000
  +0.00000000000000000000e+000
  +0.00000000000000000000e+000
  +0.00000000000000000000e+000
  +0.00000000000000000000e+000
  +0.00000000000000000000e+000
  +0.00000000000000000000e+000
  +0.00000000000000000000e+000
  +0.00000000000000000000e+000
  +0.00000000000000000000e+000
  +0.00000000000000000000e+000
  +0.00000000000000000000e+000
  +0.00000000000000000000e+000
  +0.00000000000000000000e+000
  +0.00000000000000000000e+000
  +0.00000000000000000000e+000
  +0.00000000000000000000e+000
  +0.00000000000000000000e+000
  +0.00000000000000000000e+000
</dep>
<dep _net1.Vt time>
  +1.09923664122138875499e+000
  +1.09923664122138786681e+000
  +1.09923664122138764476e+000
  +1.09923664122138697863e+000
  +1.09923664122138653454e+000
  +1.09923664122138609045e+000
  +1.09923664122138542432e+000
  +1.09923664122138475818e+000
  +1.09923664122138431409e+000
  +1.09923664122138387000e+000
  +1.09923664122138342591e+000
  +1.09923664122138320387e+000
  +1.09923664122138253774e+000
  +1.09923664122138209365e+000
  +1.09923664122138187160e+000
  +1.09923664122138187160e+000
  +1.09923664122138187160e+000
  +1.09923664122138187160e+000
  +1.09923664122138187160e+000
  +1.09923664122138187160e+000
  +2.30076925716767677343e+000
  +2.39999999987608134688e+001
  +2.39999999987627248288e+001
  +2.39999999987645438182e+001
  +2.39999999987662704370e+001
  +2.39999999987679153435e+001
  +2.39999999987694820902e+001
  +2.39999999987709706772e+001
  +2.39999999987723846573e+001
  +2.39999999987737311358e+001
  +2.39999999987750136654e+001
  +2.39999999987762322462e+001
  +2.39999999987773904309e+001
  +2.39999999987784953248e+001
  +2.39999999987795433753e+001
  +2.39999999987805416879e+001
  +2.39999999987814902624e+001
  +2.39999999987823926517e+001
  +2.39999999987832524084e+001
  +2.39999999987840695326e+001
  +2.39999999987848440242e+001
  +2.39999999987855829886e+001
  +2.39999999987862864259e+001
  +2.39999999987869578888e+001
  +2.39999999987875938245e+001
  +2.39999999987881977859e+001
  +2.39999999987887733255e+001
  +2.39999999987893204434e+001
  +2.39999999987898426923e+001
  +2.39999999987903365195e+001
  +2.39999999987908090304e+001
  +2.39999999987912566723e+001
  +2.39999999987916829980e+001
  +2.39999999987920880073e+001
  +2.39999999987924752531e+001
  +2.39999999987928411826e+001
  +2.39999999987931893486e+001
  +2.39999999987935233037e+001
  +2.39999999987938394952e+001
  +2.39999999987941379231e+001
  +2.39999999987944256929e+001
  +2.39999999987946956992e+001
  +2.39999999987949550473e+001
  +2.39999999987952001845e+001
  +2.39999999987954346636e+001
  +2.39999999987956584846e+001
  +2.39999999987958716474e+001
  +2.39999999987960705994e+001
  +2.39999999987962624459e+001
  +2.39999999987964436343e+001
  +2.39999999987966177173e+001
  +2.39999999987967846948e+001
  +2.39999999987969410142e+001
  +2.39999999987970902282e+001
  +2.39999999987972323368e+001
  +2.39999999987973673399e+001
  +2.39999999987974952376e+001
  +2.39999999987976160298e+001
  +2.39999999987977332694e+001
  +2.39999999987978434035e+001
  +2.39999999987979499849e+001
  +2.39999999987980494609e+001
  +2.39999999987981453842e+001
  +2.39999999987982342020e+001
  +2.39999999987983194671e+001
  +2.39999999987984011796e+001
  +2.39999999987984793393e+001
  +2.39999999987985539462e+001
  +2.39999999987986250005e+001
  +2.39999999987986925021e+001
  +2.39999999987987564509e+001
  +2.39999999987988168471e+001
  +2.39999999987988736905e+001
  +2.39999999987989305339e+001
  +2.39999999987989802719e+001
  +2.39999999987990300099e+001
  +2.39999999987990797479e+001
  +2.39999999987991223804e+001
  +2.39999999987991650130e+001
  +2.39999999987992076456e+001
  +2.39999999987992467254e+001
  +2.39999999987992822525e+001
  +2.39999999987993177797e+001
  +2.39999999987993497541e+001
  +2.39999999987993817285e+001
  +2.39999999987994137030e+001
  +2.39999999987994421247e+001
  +2.39999999987994669937e+001
  +2.39999999987994954154e+001
  +2.39999999987995202844e+001
  +2.39999999987995416006e+001
  +2.39999999987995664696e+001
  +2.39999999987995842332e+001
  +2.39999999987996055495e+001
  +2.39999999987996268658e+001
  +2.39999999987996446293e+001
  +2.39999999987996623929e+001
  +2.39999999987996766038e+001
  +2.39999999987996943673e+001
  +2.39999999987997085782e+001
  +2.39999999987997227890e+001
  +2.39999999987997369999e+001
  +2.39999999987997476580e+001
  +2.39999999987997618689e+001
  +2.39999999987997725270e+001
  +2.39999999987997831852e+001
  +2.39999999987997938433e+001
  +2.39999999987998045015e+001
  +2.39999999987998151596e+001
  +2.39999999987998222650e+001
  +2.39999999987998329232e+001
  +2.39999999987998400286e+001
  +2.39999999987998471340e+001
  +2.39999999987998542395e+001
  +2.39999999987998613449e+001
  +2.39999999987998684503e+001
  +2.39999999987998755557e+001
  +2.39999999987998826612e+001
  +2.39999999987998862139e+001
  +2.39999999987998933193e+001
  +2.39999999987998968720e+001
  +2.39999999987999039774e+001
  +2.39999999987999075302e+001
  +2.39999999987999110829e+001
  +2.39999999987999181883e+001
  +2.39999999987999217410e+001
  +2.39999999987999252937e+001
  +2.39999999987999288464e+001
  +2.39999999987999323992e+001
  +2.39999999987999359519e+001
  +2.39999999987999395046e+001
  +2.39999999987999395046e+001
  +2.39999999987999430573e+001
  +2.39999999987999466100e+001
  +2.39999999987999501627e+001
  +2.39999999987999501627e+001
  +2.39999999987999537154e+001
  +2.39999999987999572681e+001
  +2.39999999987999572681e+001
  +2.39999999987999608209e+001
  +2.39999999987999608209e+001
  +2.39999999987999643736e+001
  +2.39999999987999643736e+001
  +2.39999999987999679263e+001
  +2.39999999987999679263e+001
  +2.39999999987999714790e+001
  +2.39999999987999714790e+001
  +2.39999999987999750317e+001
  +2.39999999987999750317e+001
  +2.39999999987999750317e+001
  +2.39999999987999785844e+001
  +2.39999999987999785844e+001
  +2.39999999987999785844e+001
  +2.39999999987999821371e+001
  +2.39999999987999821371e+001
  +2.39999999987999821371e+001
  +2.39999999987999821371e+001
  +2.39999999987999856899e+001
  +2.39999999987999856899e+001
  +2.39999999987999856899e+001
  +2.39999999987999856899e+001
  +2.39999999987999856899e+001
  +2.39999999987999892426e+001
  +2.39999999987999892426e+001
  +2.39999999987999892426e+001
  +2.39999999987999892426e+001
  +2.39999999987999892426e+001
  +2.39999999987999892426e+001
  +2.39999999987999892426e+001
  +2.39999999987999927953e+001
  +2.39999999987999927953e+001
  +2.39999999987999927953e+001
  +2.39999999987999927953e+001
  +2.39999999987999927953e+001
  +2.39999999987999927953e+001
  +2.39999999987999927953e+001
  +2.39999999987999927953e+001
  +2.39999999987999927953e+001
  +2.39999999987999927953e+001
  +2.39999999987999963480e+001
  +2.39999999987999963480e+001
</dep>
<dep _net3.Vt time>
  +1.09923664122138875499e+000
  +1.09923664122138786681e+000
  +1.09923664122138764476e+000
  +1.09923664122138697863e+000
  +1.09923664122138653454e+000
  +1.09923664122138609045e+000
  +1.09923664122138542432e+000
  +1.09923664122138475818e+000
  +1.09923664122138431409e+000
  +1.09923664122138387000e+000
  +1.09923664122138342591e+000
  +1.09923664122138320387e+000
  +1.09923664122138253774e+000
  +1.09923664122138209365e+000
  +1.09923664122138187160e+000
  +1.09923664122138187160e+000
  +1.09923664122138187160e+000
  +1.09923664122138187160e+000
  +1.09923664122138187160e+000
  +1.09923664122138187160e+000
  +9.98816280566533043483e-001
  -7.83735251732365911792e-001
  -7.45510630068133783865e-001
  -7.09150313598846726570e-001
  -6.74563375751302207739e-001
  -6.41663324656302380689e-001
  -6.10367886857652752752e-001
  -5.80598801570183065124e-001
  -5.52281624972292828346e-001
  -5.25345544043611556440e-001
  -4.99723199482236035696e-001
  -4.75350517258712579327e-001
  -4.52166548385532274246e-001
  -4.30113316501441633743e-001
  -4.09135672889433088528e-001
  -3.89181158565848395181e-001
  -3.70199873095719500515e-001
  -3.52144349806300771544e-001
  -3.34969437086728716313e-001
  -3.18632185476979745697e-001
  -3.03091740263765507812e-001
  -2.88309239314780918484e-001
  -2.74247715895817700815e-001
  -2.60872006227716168869e-001
  -2.48148661551984311968e-001
  -2.36045864485183776171e-001
  -2.24533349452910840904e-001
  -2.13582327004398969672e-001
  -2.03165411818479774153e-001
  -1.93256554220860854443e-001
  -1.83830975041468558384e-001
  -1.74865103648954273163e-001
  -1.66336519007401234527e-001
  -1.58223893607837173825e-001
  -1.50506940134339767257e-001
  -1.43166360731360881031e-001
  -1.36183798745404038844e-001
  -1.29541792820375478712e-001
  -1.23223733231812071498e-001
  -1.17213820350792141678e-001
  -1.11497025133661026297e-001
  -1.06059051538764659295e-001
  -1.00886300776209095198e-001
  -9.59658373012425985893e-002
  -9.12853564662220451353e-002
  -8.68331537502687322849e-002
  -8.25980954896671504262e-002
  -7.85695910358104598892e-002
  -7.47375662710702548530e-002
  -7.10924384163588718444e-002
  -6.76250920673866634525e-002
  -6.43268563996880621270e-002
  -6.11894834854120259204e-002
  -5.82051276676540871313e-002
  -5.53663259407510821575e-002
  -5.26659792874750523617e-002
  -5.00973349264565229189e-002
  -4.76539694254429144205e-002
  -4.53297726381631446713e-002
  -4.31189324246294691800e-002
  -4.10159201166664794114e-002
  -3.90154766923201251627e-002
  -3.71125996245740344404e-002
  -3.53025303714847651926e-002
  -3.35807424764528045236e-002
  -3.19429302488714247921e-002
  -3.03849979968473273007e-002
  -2.89030497850665674120e-002
  -2.74933796921938283786e-002
  -2.61524625434414528802e-002
  -2.48769450951326111243e-002
  -2.36636376492147700035e-002
  -2.25095060767525403933e-002
  -2.14116642304539930852e-002
  -2.03673667272561247088e-002
  -1.93740020829203142549e-002
  -1.84290861814701001364e-002
  -1.75302560631398658686e-002
  -1.66752640152997670675e-002
  -1.58619719515805356058e-002
  -1.50883460651414589432e-002
  -1.43524517427110909901e-002
  -1.36524487266823420922e-002
  -1.29865865131636483432e-002
  -1.23531999744779259071e-002
  -1.17507051951626865366e-002
  -1.11775955110583850860e-002
  -1.06324377415795284785e-002
  -1.01138686057471172131e-002
  -9.62059131301947791093e-003
  -9.15137232039636878966e-003
  -8.70503824768686408631e-003
  -8.28047294322686519563e-003
  -7.87661469270845883417e-003
  -7.49245356414136431250e-003
  -7.12702888230680974002e-003
  -6.77942682638833435393e-003
  -6.44877814477177058877e-003
  -6.13425598129982863754e-003
  -5.83507380754542167439e-003
  -5.55048345593290703287e-003
  -5.27977324878860839602e-003
  -5.02226621864202815021e-003
  -4.77731841532715636317e-003
  -4.54431729565042512309e-003
  -4.32268019159841049986e-003
  -4.11185285325464840167e-003
  -3.91130806278181582941e-003
  -3.72054431600332777968e-003
  -3.53908456828729055602e-003
  -3.36647504159664134535e-003
  -3.20228408972232691035e-003
  -3.04610111886169159998e-003
  -2.89753556084283974553e-003
  -2.75621589642726641176e-003
  -2.62178872624831528840e-003
  -2.49391788706219063795e-003
  -2.37228361110148949428e-003
  -2.25658172642902209518e-003
  -2.14652289629230566548e-003
  -2.04183189557652789575e-003
  -1.94224692254659305791e-003
  -1.84751894415715245054e-003
  -1.75741107329341729806e-003
  -1.67169797638538832237e-003
  -1.59016530991416263005e-003
  -1.51260918440115194571e-003
  -1.43883565453980805798e-003
  -1.36866023419483849415e-003
  -1.30190743505606012186e-003
  -1.23841032779318160548e-003
  -1.17801012461411476820e-003
  -1.12055578218290879597e-003
  -1.06590362390430255964e-003
  -1.01391698063036566138e-003
  -9.64465848890714194837e-004
  -9.17426565791657389233e-004
  -8.72681499771280283842e-004
  -8.30118756437120538724e-004
  -7.89631898750856454743e-004
  -7.51119680860233497784e-004
  -7.14485794912644443973e-004
  -6.79638630217212062236e-004
  -6.46491044153097967409e-004
  -6.14960144251167225259e-004
  -5.84967080904031126384e-004
  -5.56436850186124731289e-004
  -5.29298106290706474493e-004
  -5.03482983114753534191e-004
  -4.78926924545582631543e-004
  -4.55568523024793667515e-004
  -4.33349365985829615248e-004
  -4.12213889781143220416e-004
  -3.92109240733679107870e-004
  -3.72985142965203634452e-004
  -3.54793772670961233065e-004
  -3.37489638526252062108e-004
  -3.21029467925862518809e-004
  -3.05372098771869036806e-004
  -2.90478376539207358824e-004
  -2.76311056361595299910e-004
  -2.62834709892960643064e-004
  -2.50015636711451003007e-004
  -2.37821780044485152957e-004
  -2.26222646604091304863e-004
  -2.15189230332064391398e-004
  -2.04693939864253332409e-004
  -1.94710529532588253691e-004
  -1.85214033732297234710e-004
  -1.76180704490194056395e-004
  -1.67587952077905873042e-004
  -1.59414288521534140220e-004
  -1.51639273866483706606e-004
  -1.44243465063083591698e-004
  -1.37208367345174723790e-004
  -1.30516387980081881304e-004
  -1.24150792274306797378e-004
  -1.18095661724928541669e-004
  -1.12335854212058727309e-004
  -1.06856966132805832254e-004
  -1.01645296382053184009e-004
</dep>
<dep _net2.Vt time>
  +2.53765107885439711310e-014
  +2.39491044183581802685e-014
  +2.33146835171282873489e-014
  +2.22044604925031308085e-014
  +2.14114208134386085902e-014
  +2.06184353444827106472e-014
  +1.95082123198575541068e-014
  +1.83979892952323975663e-014
  +1.74463308383332460494e-014
  +1.66533453693773481064e-014
  +1.60189244681474551868e-014
  +1.55431223447521915659e-014
  +1.45914638878530400490e-014
  +1.37984784188971421059e-014
  +1.34812408632278835086e-014
  +1.34812408632278835086e-014
  +1.34812408632278835086e-014
  +1.34812408632278835086e-014
  +1.34812408632278835086e-014
  +1.34812408632278835086e-014
  -7.12446584823648171314e-002
  -1.30622541965307803480e+000
  -1.24251771687920498088e+000
  -1.18191718943024781652e+000
  -1.12427229301753506263e+000
  -1.06943887452573727082e+000
  -1.01727981152786250973e+000
  -9.67664669381960718120e-001
  -9.20469375052030414075e-001
  -8.75575906837453898923e-001
  -8.32871999235058946276e-001
  -7.92250862195755689577e-001
  -7.53610914073695736803e-001
  -7.16855527600123165755e-001
  -6.81892788246691639031e-001
  -6.48635264373970676921e-001
  -6.16999788590346542883e-001
  -5.86907249774576422752e-001
  -5.58282395241887718917e-001
  -5.31053642558907412763e-001
  -5.05152900536821491961e-001
  -4.80515398955121408875e-001
  -4.57079526590126461461e-001
  -4.34786677143237043630e-001
  -4.13581102683633128336e-001
  -3.93409774238917098188e-001
  -3.74222249185082844747e-001
  -3.55970545104185909224e-001
  -3.38609019794278931492e-001
  -3.22094257131541106265e-001
  -3.06384958499182902258e-001
  -2.91441839511623224102e-001
  -2.77227531775667390690e-001
  -2.63706489443028158082e-001
  -2.50844900320501607016e-001
  -2.38610601315507458997e-001
  -2.26972998005551457323e-001
  -2.15902988130477285766e-001
  -2.05372888816179655080e-001
  -1.95356367347789078304e-001
  -1.85828375319214339489e-001
  -1.76765085994365328537e-001
  -1.68143834723418705845e-001
  -1.59943062265121505039e-001
  -1.52142260873401879984e-001
  -1.44721923013461872820e-001
  -1.37663492579108953651e-001
  -1.30949318489331695270e-001
  -1.24562610548082694506e-001
  -1.18487397456882484481e-001
  -1.12708486875248273251e-001
  -1.07211427429070749184e-001
  -1.01982472571931465088e-001
  -9.70085462089896322091e-002
  -9.22772099974732695760e-002
  -8.77766322420024114326e-002
  -8.34955583069612455871e-002
  -7.94232824719287994197e-002
  -7.55496211597865563458e-002
  -7.18648874705549167707e-002
  -6.83598669572748618428e-002
  -6.50257945833562639448e-002
  -6.18543328037718387336e-002
  -5.88375507152824814283e-002
  -5.59679042235556589713e-002
  -5.32382171775801424363e-002
  -5.06416634242004143340e-002
  -4.81717497378932185681e-002
  -4.58222995830996834843e-002
  -4.35874376685070272219e-002
  -4.14615752546538610113e-002
  -3.94393961781192708971e-002
  -3.75158435573442680666e-002
  -3.56861071468423038389e-002
  -3.39456113081750068816e-002
  -3.22900035676113514316e-002
  -3.07151437318572174962e-002
  -2.92170935346365637231e-002
  -2.77921067882329758669e-002
  -2.64366200153643392257e-002
  -2.51472435379627851093e-002
  -2.39207530005758929603e-002
  -2.27540813071918437971e-002
  -2.16443109513246925713e-002
  -2.05886667201792862569e-002
  -1.95845087546514806665e-002
  -1.86293259478086843661e-002
  -1.77207296653417445409e-002
  -1.68564477722856521924e-002
  -1.60343189510709430157e-002
  -1.52522872966972186659e-002
  -1.45083971755129263748e-002
  -1.38007883347445632627e-002
  -1.31276912505456037211e-002
  -1.24874227029322434207e-002
  -1.18783815665398570505e-002
  -1.12990448066743413152e-002
  -1.07479636706454117351e-002
  -1.02237600648575829854e-002
  -9.72512310859904340055e-003
  -9.25080585591037986293e-003
  -8.79962217733546575582e-003
  -8.37044379375680158706e-003
  -7.96219745489770182323e-003
  -7.57386225543555183237e-003
  -7.20446708201464159488e-003
  -6.85308818477419357668e-003
  -6.51884686731867089154e-003
  -6.20090728935376173103e-003
  -5.89847437649297385437e-003
  -5.61079183200786750507e-003
  -5.33714024555002018724e-003
  -5.07683529411500321371e-003
  -4.82922603074965612474e-003
  -4.59369325672313519315e-003
  -4.36964797309101222328e-003
  -4.15652990778029272911e-003
  -3.95380611451197176709e-003
  -3.76096964005739626408e-003
  -3.57753825649576159482e-003
  -3.40305325530238043236e-003
  -3.23707830025209055552e-003
  -3.07919833626931057843e-003
  -2.92901855149605826883e-003
  -2.78616338998233367338e-003
  -2.65027561252996479713e-003
  -2.52101540334130321333e-003
  -2.39805952023876842519e-003
  -2.28110048633020515499e-003
  -2.16984582109864100954e-003
  -2.06401730899358941754e-003
  -1.96335030369490298394e-003
  -1.86759306630933027971e-003
  -1.77650613584476790505e-003
  -1.68986173038799831342e-003
  -1.60744317748838148018e-003
  -1.52904437232309858667e-003
  -1.45446926228895781485e-003
  -1.38353135673185468658e-003
  -1.31605326058791926962e-003
  -1.25186623077006009552e-003
  -1.19080975419059856626e-003
  -1.13273114636473857392e-003
  -1.07748516959108248461e-003
  -1.02493366975440515498e-003
  -9.74945230842391599539e-004
  -9.27394846312433549645e-004
  -8.82163606486627890207e-004
  -8.39138401193269809798e-004
  -7.98211636911220004387e-004
  -7.59280967709811678394e-004
  -7.22249039311449389511e-004
  -6.87023245636887497020e-004
  -6.53515497224366843573e-004
  -6.21642000943497933553e-004
  -5.91323050453021145136e-004
  -5.62482826878436706179e-004
  -5.35049209211054953468e-004
  -5.08953593954336483245e-004
  -4.84130723566507479173e-004
  -4.60518523270430713348e-004
  -4.38057945822652346213e-004
  -4.16692823853418348092e-004
  -3.96369729408426493648e-004
  -3.77037840341057036743e-004
  -3.58648813220968035870e-004
  -3.41156662441240978931e-004
  -3.24517645221759237252e-004
  -3.08690152221236240471e-004
  -2.93634603484361469874e-004
  -2.79313349463846749901e-004
  -2.65690576869861191239e-004
  -2.52732219111412694315e-004
  -2.40405871105716273557e-004
  -2.28680708242506701032e-004
  -2.17527409300658517094e-004
  -2.06918083124341231800e-004
  -1.96826198875353267472e-004
  -1.87226519687213861873e-004
  -1.78095039555103789013e-004
  -1.69408923303828536002e-004
</dep>
<dep _net0.Vt time>
  +2.40000000000000000000e+001
  +2.40000000000000000000e+001
  +2.40000000000000000000e+001
  +2.40000000000000000000e+001
  +2.40000000000000000000e+001
  +2.40000000000000000000e+001
  +2.40000000000000000000e+001
  +2.40000000000000000000e+001
  +2.40000000000000000000e+001
  +2.40000000000000000000e+001
  +2.40000000000000000000e+001
  +2.40000000000000000000e+001
  +2.40000000000000000000e+001
  +2.40000000000000000000e+001
  +2.40000000000000000000e+001
  +2.40000000000000000000e+001
  +2.40000000000000000000e+001
  +2.40000000000000000000e+001
  +2.40000000000000000000e+001
  +2.40000000000000000000e+001
  +2.40000000000000000000e+001
  +2.40000000000000000000e+001
  +2.40000000000000000000e+001
  +2.40000000000000000000e+001
  +2.40000000000000000000e+001
  +2.40000000000000000000e+001
  +2.40000000000000000000e+001
  +2.40000000000000000000e+001
  +2.40000000000000000000e+001
  +2.40000000000000000000e+001
  +2.40000000000000000000e+001
  +2.40000000000000000000e+001
  +2.40000000000000000000e+001
  +2.40000000000000000000e+001
  +2.40000000000000000000e+001
  +2.40000000000000000000e+001
  +2.40000000000000000000e+001
  +2.40000000000000000000e+001
  +2.40000000000000000000e+001
  +2.40000000000000000000e+001
  +2.40000000000000000000e+001
  +2.40000000000000000000e+001
  +2.40000000000000000000e+001
  +2.40000000000000000000e+001
  +2.40000000000000000000e+001
  +2.40000000000000000000e+001
  +2.40000000000000000000e+001
  +2.40000000000000000000e+001
  +2.40000000000000000000e+001
  +2.40000000000000000000e+001
  +2.40000000000000000000e+001
  +2.40000000000000000000e+001
  +2.40000000000000000000e+001
  +2.40000000000000000000e+001
  +2.40000000000000000000e+001
  +2.40000000000000000000e+001
  +2.40000000000000000000e+001
  +2.40000000000000000000e+001
  +2.40000000000000000000e+001
  +2.40000000000000000000e+001
  +2.40000000000000000000e+001
  +2.40000000000000000000e+001
  +2.40000000000000000000e+001
  +2.40000000000000000000e+001
  +2.40000000000000000000e+001
  +2.40000000000000000000e+001
  +2.40000000000000000000e+001
  +2.40000000000000000000e+001
  +2.40000000000000000000e+001
  +2.40000000000000000000e+001
  +2.40000000000000000000e+001
  +2.40000000000000000000e+001
  +2.40000000000000000000e+001
  +2.40000000000000000000e+001
  +2.40000000000000000000e+001
  +2.40000000000000000000e+001
  +2.40000000000000000000e+001
  +2.40000000000000000000e+001
  +2.40000000000000000000e+001
  +2.40000000000000000000e+001
  +2.40000000000000000000e+001
  +2.40000000000000000000e+001
  +2.40000000000000000000e+001
  +2.40000000000000000000e+001
  +2.40000000000000000000e+001
  +2.40000000000000000000e+001
  +2.40000000000000000000e+001
  +2.40000000000000000000e+001
  +2.40000000000000000000e+001
  +2.40000000000000000000e+001
  +2.40000000000000000000e+001
  +2.40000000000000000000e+001
  +2.40000000000000000000e+001
  +2.40000000000000000000e+001
  +2.40000000000000000000e+001
  +2.40000000000000000000e+001
  +2.40000000000000000000e+001
  +2.40000000000000000000e+001
  +2.40000000000000000000e+001
  +2.40000000000000000000e+001
  +2.40000000000000000000e+001
  +2.40000000000000000000e+001
  +2.40000000000000000000e+001
  +2.40000000000000000000e+001
  +2.40000000000000000000e+001
  +2.40000000000000000000e+001
  +2.40000000000000000000e+001
  +2.40000000000000000000e+001
  +2.40000000000000000000e+001
  +2.40000000000000000000e+001
  +2.40000000000000000000e+001
  +2.40000000000000000000e+001
  +2.40000000000000000000e+001
  +2.40000000000000000000e+001
  +2.40000000000000000000e+001
  +2.40000000000000000000e+001
  +2.40000000000000000000e+001
  +2.40000000000000000000e+001
  +2.40000000000000000000e+001
  +2.40000000000000000000e+001
  +2.40000000000000000000e+001
  +2.40000000000000000000e+001
  +2.40000000000000000000e+001
  +2.40000000000000000000e+001
  +2.40000000000000000000e+001
  +2.40000000000000000000e+001
  +2.40000000000000000000e+001
  +2.40000000000000000000e+001
  +2.40000000000000000000e+001
  +2.40000000000000000000e+001
  +2.40000000000000000000e+001
  +2.40000000000000000000e+001
  +2.40000000000000000000e+001
  +2.40000000000000000000e+001
  +2.40000000000000000000e+001
  +2.40000000000000000000e+001
  +2.40000000000000000000e+001
  +2.40000000000000000000e+001
  +2.40000000000000000000e+001
  +2.40000000000000000000e+001
  +2.40000000000000000000e+001
  +2.40000000000000000000e+001
  +2.40000000000000000000e+001
  +2.40000000000000000000e+001
  +2.40000000000000000000e+001
  +2.40000000000000000000e+001
  +2.40000000000000000000e+001
  +2.40000000000000000000e+001
  +2.40000000000000000000e+001
  +2.40000000000000000000e+001
  +2.40000000000000000000e+001
  +2.40000000000000000000e+001
  +2.40000000000000000000e+001
  +2.40000000000000000000e+001
  +2.40000000000000000000e+001
  +2.40000000000000000000e+001
  +2.40000000000000000000e+001
  +2.40000000000000000000e+001
  +2.40000000000000000000e+001
  +2.40000000000000000000e+001
  +2.40000000000000000000e+001
  +2.40000000000000000000e+001
  +2.40000000000000000000e+001
  +2.40000000000000000000e+001
  +2.40000000000000000000e+001
  +2.40000000000000000000e+001
  +2.40000000000000000000e+001
  +2.40000000000000000000e+001
  +2.40000000000000000000e+001
  +2.40000000000000000000e+001
  +2.40000000000000000000e+001
  +2.40000000000000000000e+001
  +2.40000000000000000000e+001
  +2.40000000000000000000e+001
  +2.40000000000000000000e+001
  +2.40000000000000000000e+001
  +2.40000000000000000000e+001
  +2.40000000000000000000e+001
  +2.40000000000000000000e+001
  +2.40000000000000000000e+001
  +2.40000000000000000000e+001
  +2.40000000000000000000e+001
  +2.40000000000000000000e+001
  +2.40000000000000000000e+001
  +2.40000000000000000000e+001
  +2.40000000000000000000e+001
  +2.40000000000000000000e+001
  +2.40000000000000000000e+001
  +2.40000000000000000000e+001
  +2.40000000000000000000e+001
  +2.40000000000000000000e+001
  +2.40000000000000000000e+001
  +2.40000000000000000000e+001
  +2.40000000000000000000e+001
  +2.40000000000000000000e+001
  +2.40000000000000000000e+001
  +2.40000000000000000000e+001
  +2.40000000000000000000e+001
  +2.40000000000000000000e+001
  +2.40000000000000000000e+001
  +2.40000000000000000000e+001
</dep>
